nst: 2 tes-ll: -242065.989212718
nst: 3 tes-ll: -225377.502673457
nst: 4 tes-ll: -217751.448949918
